%YAML:1.0
calibration_time: "Thu Nov 21 10:25:31 2019"
image_width: 640
image_height: 480
board_width: 5
board_height: 8
square_size: 3.
flags: 0
camera_matrix: !!opencv-matrix
   rows: 3
   cols: 3
   dt: d
   data: [ 5.8265734417799797e+02, 0., 3.1384923468102483e+02, 0.,
       5.8258776197397844e+02, 2.4404722635783509e+02, 0., 0., 1. ]
distortion_coefficients: !!opencv-matrix
   rows: 5
   cols: 1
   dt: d
   data: [ -7.1085126803607165e-02, 1.0265536283676822e-01,
       -6.4899397350983972e-03, -1.1721256158067615e-03,
       -1.7272182624493237e-01 ]
avg_reprojection_error: 4.4490655469239432e-01
image_points: !!opencv-matrix
   rows: 10
   cols: 40
   dt: "2f"
   data: [ 2.88648163e+02, 3.27033936e+02, 2.88891174e+02,
       2.77032745e+02, 2.89204224e+02, 2.28529770e+02, 2.89454590e+02,
       1.81240494e+02, 2.89667816e+02, 1.35330826e+02, 3.38660950e+02,
       3.26477356e+02, 3.38310059e+02, 2.76505768e+02, 3.37748108e+02,
       2.28249695e+02, 3.37383667e+02, 1.80963104e+02, 3.36998566e+02,
       1.34785690e+02, 3.88703644e+02, 3.26014069e+02, 3.87500183e+02,
       2.76241882e+02, 3.86466614e+02, 2.27781479e+02, 3.85432159e+02,
       1.80493393e+02, 3.84405792e+02, 1.34564056e+02, 4.38603119e+02,
       3.25529541e+02, 4.36575653e+02, 2.75735809e+02, 4.34807678e+02,
       2.27461456e+02, 4.33287354e+02, 1.80293396e+02, 4.31612915e+02,
       1.34327286e+02, 4.88079987e+02, 3.25067688e+02, 4.85667694e+02,
       2.75369965e+02, 4.83187683e+02, 2.27328476e+02, 4.81064362e+02,
       1.79940018e+02, 4.78686218e+02, 1.34068542e+02, 5.37045166e+02,
       3.24550385e+02, 5.34221008e+02, 2.74972321e+02, 5.30864014e+02,
       2.26913300e+02, 5.28410278e+02, 1.79581268e+02, 5.25475647e+02,
       1.33867477e+02, 5.85354187e+02, 3.23831299e+02, 5.82265808e+02,
       2.74561890e+02, 5.78435669e+02, 2.26686035e+02, 5.75339844e+02,
       1.79559021e+02, 5.72058411e+02, 1.33666306e+02, 6.33172241e+02,
       3.23193024e+02, 6.29405212e+02, 2.74237793e+02, 6.25373352e+02,
       2.26479370e+02, 6.22024231e+02, 1.79451035e+02, 6.17577209e+02,
       1.34153000e+02, 2.90667389e+02, 3.30590637e+02, 2.90527588e+02,
       2.87356689e+02, 2.90416534e+02, 2.45268570e+02, 2.90289703e+02,
       2.03948563e+02, 2.90009857e+02, 1.63880798e+02, 3.33798279e+02,
       3.29891998e+02, 3.33199249e+02, 2.86776245e+02, 3.32379517e+02,
       2.44824829e+02, 3.31655457e+02, 2.03848862e+02, 3.31015808e+02,
       1.63732880e+02, 3.76550171e+02, 3.29329468e+02, 3.75309204e+02,
       2.86360321e+02, 3.74056305e+02, 2.44614685e+02, 3.72860474e+02,
       2.03604492e+02, 3.71727325e+02, 1.63779251e+02, 4.18606659e+02,
       3.28475067e+02, 4.16990265e+02, 2.85836884e+02, 4.15278137e+02,
       2.44379745e+02, 4.13668549e+02, 2.03606766e+02, 4.12177216e+02,
       1.63824722e+02, 4.60378601e+02, 3.27727020e+02, 4.58299194e+02,
       2.85443634e+02, 4.56089233e+02, 2.44209473e+02, 4.54245056e+02,
       2.03478592e+02, 4.52001953e+02, 1.63924072e+02, 5.01384308e+02,
       3.27035645e+02, 4.98873108e+02, 2.84922211e+02, 4.96169464e+02,
       2.43834412e+02, 4.94005371e+02, 2.03447662e+02, 4.91411041e+02,
       1.64008606e+02, 5.41580322e+02, 3.26361572e+02, 5.38887390e+02,
       2.84489929e+02, 5.35715088e+02, 2.43625656e+02, 5.33242554e+02,
       2.03484772e+02, 5.30450012e+02, 1.64307602e+02, 5.81451843e+02,
       3.25605072e+02, 5.78397583e+02, 2.84081085e+02, 5.75109619e+02,
       2.43498474e+02, 5.72235718e+02, 2.03479752e+02, 5.68536560e+02,
       1.64617172e+02, 1.85914047e+02, 3.25699036e+02, 1.88297180e+02,
       2.63800385e+02, 1.90688751e+02, 2.02945328e+02, 1.92882629e+02,
       1.42848785e+02, 1.95017746e+02, 8.40280304e+01, 2.47533066e+02,
       3.26054779e+02, 2.49533340e+02, 2.63997498e+02, 2.51338486e+02,
       2.03033035e+02, 2.53102798e+02, 1.42804565e+02, 2.54586731e+02,
       8.35065689e+01, 3.09675812e+02, 3.26441284e+02, 3.11028137e+02,
       2.64315979e+02, 3.12392792e+02, 2.03096512e+02, 3.13701141e+02,
       1.42575012e+02, 3.14683441e+02, 8.33043060e+01, 3.71824097e+02,
       3.26657898e+02, 3.72693726e+02, 2.64473602e+02, 3.73585754e+02,
       2.03232315e+02, 3.74405029e+02, 1.42591797e+02, 3.75026215e+02,
       8.29196243e+01, 4.33992615e+02, 3.26959106e+02, 4.34607391e+02,
       2.64583069e+02, 4.34878540e+02, 2.03443054e+02, 4.35519470e+02,
       1.42560623e+02, 4.35549316e+02, 8.29467239e+01, 4.95876892e+02,
       3.27164551e+02, 4.96276428e+02, 2.64837982e+02, 4.96033722e+02,
       2.03581955e+02, 4.96361145e+02, 1.42581009e+02, 4.95982269e+02,
       8.29195633e+01, 5.57457947e+02, 3.27261749e+02, 5.57658508e+02,
       2.65114624e+02, 5.57235535e+02, 2.03767349e+02, 5.56889893e+02,
       1.42924866e+02, 5.56221924e+02, 8.31653214e+01, 6.18556580e+02,
       3.27255463e+02, 6.18609253e+02, 2.65354309e+02, 6.17677673e+02,
       2.04122299e+02, 6.17230103e+02, 1.43309830e+02, 6.15412354e+02,
       8.41639481e+01, 1.47409973e+02, 2.82001556e+02, 1.45651459e+02,
       2.19513489e+02, 1.44079468e+02, 1.56889313e+02, 1.42571320e+02,
       9.41017761e+01, 1.41247437e+02, 3.17840843e+01, 2.10120071e+02,
       2.80380981e+02, 2.08610291e+02, 2.18111404e+02, 2.07201263e+02,
       1.55663879e+02, 2.05553741e+02, 9.32064819e+01, 2.03968643e+02,
       3.05603828e+01, 2.72774475e+02, 2.78650299e+02, 2.71347809e+02,
       2.16619019e+02, 2.69755524e+02, 1.54513138e+02, 2.68283875e+02,
       9.21258469e+01, 2.66645599e+02, 2.97440701e+01, 3.34579681e+02,
       2.76875702e+02, 3.33238892e+02, 2.15274323e+02, 3.31724976e+02,
       1.53444244e+02, 3.30367706e+02, 9.13559189e+01, 3.28746796e+02,
       2.91814384e+01, 3.95653015e+02, 2.75285583e+02, 3.94430573e+02,
       2.13774414e+02, 3.93026855e+02, 1.52513290e+02, 3.91781799e+02,
       9.04740753e+01, 3.90322205e+02, 2.86607475e+01, 4.55768005e+02,
       2.73490906e+02, 4.54676025e+02, 2.12474701e+02, 4.53407898e+02,
       1.51531128e+02, 4.52449249e+02, 8.97148209e+01, 4.50762421e+02,
       2.84336529e+01, 5.14879883e+02, 2.71731995e+02, 5.14152283e+02,
       2.11261566e+02, 5.12766663e+02, 1.50575714e+02, 5.11909882e+02,
       8.94550018e+01, 5.10508484e+02, 2.83171673e+01, 5.73340637e+02,
       2.70110626e+02, 5.72529053e+02, 2.09821426e+02, 5.71327209e+02,
       1.49621094e+02, 5.70651367e+02, 8.89084473e+01, 5.68557495e+02,
       2.90157890e+01, 2.18826080e+02, 2.49024078e+02, 2.18677765e+02,
       1.91037674e+02, 2.18535873e+02, 1.32490234e+02, 2.18397537e+02,
       7.33436661e+01, 2.18373154e+02, 1.41644039e+01, 2.76366516e+02,
       2.49240067e+02, 2.76396362e+02, 1.90837814e+02, 2.76484894e+02,
       1.32217300e+02, 2.76624512e+02, 7.27539825e+01, 2.76638458e+02,
       1.28868008e+01, 3.34358612e+02, 2.49307770e+02, 3.34601929e+02,
       1.90738953e+02, 3.35015411e+02, 1.31803833e+02, 3.35410217e+02,
       7.21357346e+01, 3.35654327e+02, 1.22214003e+01, 3.92580261e+02,
       2.49330078e+02, 3.93263947e+02, 1.90688141e+02, 3.93753265e+02,
       1.31610138e+02, 3.94486542e+02, 7.16895370e+01, 3.95153992e+02,
       1.15040903e+01, 4.51037567e+02, 2.49405655e+02, 4.52017883e+02,
       1.90605179e+02, 4.52858582e+02, 1.31508636e+02, 4.53992340e+02,
       7.13294220e+01, 4.54673950e+02, 1.12057333e+01, 5.09345337e+02,
       2.49439789e+02, 5.10795105e+02, 1.90535446e+02, 5.11760773e+02,
       1.31409790e+02, 5.13405518e+02, 7.11092072e+01, 5.14208130e+02,
       1.09483328e+01, 5.67517639e+02, 2.49452179e+02, 5.69529175e+02,
       1.90586746e+02, 5.70746216e+02, 1.31404160e+02, 5.72327087e+02,
       7.13833618e+01, 5.73480896e+02, 1.10506592e+01, 6.25568604e+02,
       2.49505173e+02, 6.27695984e+02, 1.90670792e+02, 6.29402832e+02,
       1.31545471e+02, 6.31304626e+02, 7.15569839e+01, 6.31731812e+02,
       1.21442089e+01, 2.04973907e+02, 2.52998810e+02, 2.04859604e+02,
       1.98165665e+02, 2.04806534e+02, 1.42556595e+02, 2.04841736e+02,
       8.62058640e+01, 2.04993866e+02, 2.95522976e+01, 2.59584961e+02,
