%YAML:1.0
calibration_time: "Thu Nov 21 09:46:07 2019"
image_width: 640
image_height: 480
board_width: 5
board_height: 8
square_size: 3.
flags: 0
camera_matrix: !!opencv-matrix
   rows: 3
   cols: 3
   dt: d
   data: [ 4.3243939555512412e+02, 0., 3.3876351741381825e+02, 0.,
       4.3203465742005983e+02, 2.6166336556853770e+02, 0., 0., 1. ]
distortion_coefficients: !!opencv-matrix
   rows: 5
   cols: 1
   dt: d
   data: [ -4.3639323578843807e-02, 1.0606908450133017e-01,
       -2.8894576887090102e-03, -7.1531881533206795e-03,
       -1.4584926210944454e-01 ]
avg_reprojection_error: 7.0527699161144020e-01
image_points: !!opencv-matrix
   rows: 10
   cols: 40
   dt: "2f"
   data: [ 5.17446533e+02, 3.28669495e+02, 4.69114563e+02,
       3.29356476e+02, 4.20539673e+02, 3.29675842e+02, 3.71791748e+02,
       3.30280090e+02, 3.22876801e+02, 3.30683014e+02, 5.14512268e+02,
       2.80222260e+02, 4.66685089e+02, 2.80581696e+02, 4.18677704e+02,
       2.80838623e+02, 3.70647064e+02, 2.81310822e+02, 3.22440399e+02,
       2.81584686e+02, 5.11477295e+02, 2.32535721e+02, 4.64300873e+02,
       2.32856598e+02, 4.17135529e+02, 2.33296371e+02, 3.69557495e+02,
       2.33517700e+02, 3.21960297e+02, 2.33851044e+02, 5.08303406e+02,
       1.86485275e+02, 4.61738922e+02, 1.86744080e+02, 4.15280365e+02,
       1.86989563e+02, 3.68424347e+02, 1.87323761e+02, 3.21440186e+02,
       1.87447067e+02, 5.05032928e+02, 1.41844666e+02, 4.59405212e+02,
       1.41911331e+02, 4.13435272e+02, 1.42267487e+02, 3.67322266e+02,
       1.42161911e+02, 3.20921844e+02, 1.42411774e+02, 5.01780792e+02,
       9.87790833e+01, 4.56928528e+02, 9.85456161e+01, 4.11637085e+02,
       9.88636398e+01, 3.66260162e+02, 9.85074692e+01, 3.20497070e+02,
       9.86931381e+01, 4.98543762e+02, 5.69972267e+01, 4.54426117e+02,
       5.65969887e+01, 4.09923798e+02, 5.66803017e+01, 3.65184479e+02,
       5.64098816e+01, 3.20152405e+02, 5.62315140e+01, 4.95600098e+02,
       1.64163227e+01, 4.52082184e+02, 1.59299288e+01, 4.08206482e+02,
       1.58361692e+01, 3.64169617e+02, 1.52924137e+01, 3.19674896e+02,
       1.55968943e+01, 4.51137634e+02, 3.24701324e+02, 4.00382050e+02,
       3.25734985e+02, 3.50482727e+02, 3.26648499e+02, 3.00975983e+02,
       3.27695282e+02, 2.52384552e+02, 3.28725555e+02, 4.48207031e+02,
       2.74566223e+02, 3.98228485e+02, 2.75949066e+02, 3.49250275e+02,
       2.77378784e+02, 3.00584656e+02, 2.78630157e+02, 2.52649048e+02,
       2.79807312e+02, 4.45191864e+02, 2.26065399e+02, 3.96054352e+02,
       2.27796326e+02, 3.47804047e+02, 2.29491135e+02, 3.00168182e+02,
       2.31130890e+02, 2.53220963e+02, 2.32617828e+02, 4.42230896e+02,
       1.79409958e+02, 3.94098389e+02, 1.81432053e+02, 3.46588318e+02,
       1.83425262e+02, 2.99840271e+02, 1.85372345e+02, 2.53556778e+02,
       1.87187820e+02, 4.39390198e+02, 1.34331604e+02, 3.92108307e+02,
       1.36556503e+02, 3.45527405e+02, 1.38929565e+02, 2.99433319e+02,
       1.40952530e+02, 2.54211945e+02, 1.43405563e+02, 4.36588531e+02,
       9.11967926e+01, 3.90195496e+02, 9.34740143e+01, 3.44500427e+02,
       9.63307114e+01, 2.99156647e+02, 9.83987961e+01, 2.54581299e+02,
       1.01223969e+02, 4.33742859e+02, 4.95639381e+01, 3.88386108e+02,
       5.21466751e+01, 3.43430511e+02, 5.52013130e+01, 2.98800568e+02,
       5.74841919e+01, 2.55068390e+02, 6.02042885e+01, 4.31206177e+02,
       9.32266903e+00, 3.86470428e+02, 1.20147495e+01, 3.42406250e+02,
       1.52234879e+01, 2.98605896e+02, 1.75495720e+01, 2.55649139e+02,
       2.12846050e+01, 2.61488251e+02, 2.84754333e+02, 2.62829132e+02,
       2.37682877e+02, 2.64169617e+02, 1.92899231e+02, 2.65306519e+02,
       1.50207550e+02, 2.66299194e+02, 1.09746071e+02, 3.07759155e+02,
       2.82485077e+02, 3.08030365e+02, 2.34381775e+02, 3.08370575e+02,
       1.88845734e+02, 3.08421661e+02, 1.45395660e+02, 3.08330933e+02,
       1.04046745e+02, 3.56289154e+02, 2.80178864e+02, 3.55242249e+02,
       2.31150177e+02, 3.54197693e+02, 1.84619278e+02, 3.53096497e+02,
       1.40195923e+02, 3.52040588e+02, 9.84228134e+01, 4.06201965e+02,
       2.77720428e+02, 4.03806458e+02, 2.27843094e+02, 4.01677277e+02,
       1.80372574e+02, 3.99443817e+02, 1.35178391e+02, 3.97194366e+02,
       9.24816208e+01, 4.58032013e+02, 2.75406555e+02, 4.54504608e+02,
       2.24273148e+02, 4.51071198e+02, 1.76127274e+02, 4.47529114e+02,
       1.29798065e+02, 4.43875244e+02, 8.65307388e+01, 5.11542847e+02,
       2.72831329e+02, 5.06681274e+02, 2.20718124e+02, 5.01737396e+02,
       1.71614227e+02, 4.96977112e+02, 1.24401138e+02, 4.91880829e+02,
       8.04504242e+01, 5.66840027e+02, 2.70210083e+02, 5.60665283e+02,
       2.17067200e+02, 5.54346680e+02, 1.67060593e+02, 5.47822693e+02,
       1.19041588e+02, 5.41526062e+02, 7.42866821e+01, 6.23874756e+02,
       2.67435150e+02, 6.16252747e+02, 2.13340439e+02, 6.08289062e+02,
       1.62304260e+02, 6.00540222e+02, 1.13512550e+02, 5.92156799e+02,
       6.84720383e+01, 1.93584473e+02, 1.63123398e+02, 2.14405869e+02,
       1.26240211e+02, 2.34606567e+02, 9.02218170e+01, 2.54601135e+02,
       5.47821350e+01, 2.74106628e+02, 2.05474453e+01, 2.27872650e+02,
       1.77383698e+02, 2.48707184e+02, 1.39277191e+02, 2.69332520e+02,
       1.02269905e+02, 2.89395813e+02, 6.57008743e+01, 3.08800690e+02,
       2.97701607e+01, 2.64480225e+02, 1.92713013e+02, 2.85480499e+02,
       1.53406509e+02, 3.06113464e+02, 1.14770569e+02, 3.26150757e+02,
       7.70258484e+01, 3.45791779e+02, 4.02493935e+01, 3.03273346e+02,
       2.09216141e+02, 3.24348694e+02, 1.68382614e+02, 3.44939514e+02,
       1.28436020e+02, 3.65243927e+02, 8.93305511e+01, 3.84914551e+02,
       5.10689507e+01, 3.44383026e+02, 2.26571838e+02, 3.65506073e+02,
       1.84248016e+02, 3.86339691e+02, 1.43046799e+02, 4.06514618e+02,
       1.02095146e+02, 4.26497375e+02, 6.26940308e+01, 3.87875671e+02,
       2.44893082e+02, 4.09207764e+02, 2.00909515e+02, 4.30041748e+02,
       1.58360840e+02, 4.50470642e+02, 1.15801460e+02, 4.70357849e+02,
       7.51226654e+01, 4.34374390e+02, 2.64590454e+02, 4.55678467e+02,
       2.18875748e+02, 4.76651550e+02, 1.74631226e+02, 4.97129761e+02,
       1.30775391e+02, 5.16972351e+02, 8.82018051e+01, 4.83770142e+02,
       2.85476898e+02, 5.05266296e+02, 2.38123215e+02, 5.26227356e+02,
       1.92153473e+02, 5.46570068e+02, 1.46479431e+02, 5.66392029e+02,
       1.03133308e+02, 5.19923340e+02, 3.24079193e+02, 4.71706177e+02,
       3.22386261e+02, 4.23821075e+02, 3.20506256e+02, 3.76042450e+02,
       3.18706604e+02, 3.28356934e+02, 3.17053558e+02, 5.19137451e+02,
       2.75922089e+02, 4.71670807e+02, 2.74396484e+02, 4.24316772e+02,
       2.72592316e+02, 3.77106720e+02, 2.70893219e+02, 3.30181763e+02,
       2.69237396e+02, 5.18396912e+02, 2.29276047e+02, 4.71507385e+02,
       2.27635742e+02, 4.24818329e+02, 2.26061722e+02, 3.78421631e+02,
       2.24402679e+02, 3.32111603e+02, 2.22696686e+02, 5.17595154e+02,
       1.83911621e+02, 4.71495514e+02, 1.82473801e+02, 4.25588989e+02,
       1.80766998e+02, 3.79645508e+02, 1.79328079e+02, 3.34111023e+02,
       1.77556686e+02, 5.16865845e+02, 1.40228790e+02, 4.71569275e+02,
       1.38476517e+02, 4.26309357e+02, 1.37157776e+02, 3.81149139e+02,
       1.35317734e+02, 3.36193298e+02, 1.33794800e+02, 5.16256592e+02,
       9.78597717e+01, 4.71704468e+02, 9.61463165e+01, 4.27156982e+02,
       9.47046051e+01, 3.82617798e+02, 9.28341599e+01, 3.38376434e+02,
       9.15525208e+01, 5.15683716e+02, 5.69645042e+01, 4.71844971e+02,
       5.50869141e+01, 4.28078491e+02, 5.37385788e+01, 3.84295044e+02,
       5.18186836e+01, 3.40574280e+02, 5.01754570e+01, 5.15262024e+02,
       1.72635231e+01, 4.72169830e+02, 1.53961964e+01, 4.29009521e+02,
       1.37119503e+01, 3.85895050e+02, 1.16788807e+01, 3.42819305e+02,
       1.07570906e+01, 2.40534943e+02, 3.03682678e+02, 2.40886032e+02,
       2.55365784e+02, 2.41201050e+02, 2.09559204e+02, 2.41132904e+02,
       1.65967270e+02, 2.41062439e+02, 1.24675095e+02, 2.89317383e+02,
