%YAML:1.0
calibration_time: "Thu Nov 21 09:49:18 2019"
image_width: 640
image_height: 480
board_width: 5
board_height: 8
square_size: 3.
flags: 0
camera_matrix: !!opencv-matrix
   rows: 3
   cols: 3
   dt: d
   data: [ 4.1169930488551125e+02, 0., 3.8119185082381819e+02, 0.,
       4.0819304813125103e+02, 2.6029243361090727e+02, 0., 0., 1. ]
distortion_coefficients: !!opencv-matrix
   rows: 5
   cols: 1
   dt: d
   data: [ -6.0877091436528337e-03, -3.5619164403534735e-02,
       -3.5162191417430298e-04, -9.4488197254788072e-04,
       6.3892188421427664e-03 ]
avg_reprojection_error: 2.8497031892867286e-01
image_points: !!opencv-matrix
   rows: 10
   cols: 40
   dt: "2f"
   data: [ 2.54521637e+02, 3.30364990e+02, 2.54732269e+02,
       2.80835419e+02, 2.55197800e+02, 2.32683304e+02, 2.55411819e+02,
       1.85459946e+02, 2.55619553e+02, 1.39395523e+02, 3.01673370e+02,
       3.29588531e+02, 3.01473480e+02, 2.79294800e+02, 3.01352142e+02,
       2.30021378e+02, 3.00958771e+02, 1.81800262e+02, 3.00528992e+02,
       1.34523712e+02, 3.51323669e+02, 3.28955353e+02, 3.50371216e+02,
       2.77484192e+02, 3.49461456e+02, 2.27319916e+02, 3.48550171e+02,
       1.77808121e+02, 3.47654694e+02, 1.29620773e+02, 4.03022980e+02,
       3.28321838e+02, 4.01490387e+02, 2.75618774e+02, 3.99813873e+02,
       2.24322754e+02, 3.98403992e+02, 1.73816772e+02, 3.96801239e+02,
       1.24490540e+02, 4.57014252e+02, 3.27521149e+02, 4.54740356e+02,
       2.73663391e+02, 4.52551727e+02, 2.21330139e+02, 4.50453491e+02,
       1.69574402e+02, 4.48409698e+02, 1.19330582e+02, 5.13390503e+02,
       3.26699219e+02, 5.10432220e+02, 2.71699890e+02, 5.07550415e+02,
       2.18202408e+02, 5.04681061e+02, 1.65250778e+02, 5.01904388e+02,
       1.13695152e+02, 5.71722900e+02, 3.25731018e+02, 5.68480774e+02,
       2.69609283e+02, 5.64731384e+02, 2.14798126e+02, 5.61291992e+02,
       1.60748108e+02, 5.57767578e+02, 1.08126366e+02, 6.32525269e+02,
       3.24620453e+02, 6.28517883e+02, 2.67419647e+02, 6.24291809e+02,
       2.11447159e+02, 6.20240479e+02, 1.56361420e+02, 6.15492065e+02,
       1.02879623e+02, 2.86095093e+02, 3.32947388e+02, 2.86346649e+02,
       2.87567596e+02, 2.86444153e+02, 2.43057281e+02, 2.86580627e+02,
       1.99277756e+02, 2.86677765e+02, 1.56351410e+02, 3.30570007e+02,
       3.32830719e+02, 3.30378326e+02, 2.86696655e+02, 3.30183685e+02,
       2.41546799e+02, 3.29737823e+02, 1.97227570e+02, 3.29426208e+02,
       1.53407104e+02, 3.76602478e+02, 3.32663300e+02, 3.75821320e+02,
       2.85837341e+02, 3.75189423e+02, 2.40019928e+02, 3.74396881e+02,
       1.94846313e+02, 3.73630219e+02, 1.50558228e+02, 4.23910858e+02,
       3.32526428e+02, 4.22636078e+02, 2.85047455e+02, 4.21526337e+02,
       2.38501953e+02, 4.20355743e+02, 1.92629333e+02, 4.19198334e+02,
       1.47570374e+02, 4.72641266e+02, 3.32307129e+02, 4.70976105e+02,
       2.84251953e+02, 4.69380707e+02, 2.36925659e+02, 4.67654022e+02,
       1.90373596e+02, 4.66191345e+02, 1.44624786e+02, 5.22550659e+02,
       3.32044678e+02, 5.20403687e+02, 2.83293457e+02, 5.18152832e+02,
       2.35418777e+02, 5.16431763e+02, 1.87854904e+02, 5.14324097e+02,
       1.41552734e+02, 5.73471680e+02, 3.31670319e+02, 5.71252441e+02,
       2.82275513e+02, 5.68590393e+02, 2.33677597e+02, 5.66305969e+02,
       1.85660919e+02, 5.63771912e+02, 1.38449738e+02, 6.25643860e+02,
       3.31323853e+02, 6.22931946e+02, 2.81280090e+02, 6.20134888e+02,
       2.32131393e+02, 6.17409302e+02, 1.83280457e+02, 6.14131165e+02,
       1.35722931e+02, 2.73794006e+02, 3.34114746e+02, 2.73861542e+02,
       2.89322357e+02, 2.73999969e+02, 2.45268753e+02, 2.74074280e+02,
       2.01690460e+02, 2.74207794e+02, 1.58973129e+02, 3.17546478e+02,
       3.33919983e+02, 3.17250824e+02, 2.88472534e+02, 3.16969971e+02,
       2.43698975e+02, 3.16703644e+02, 1.99693604e+02, 3.16435699e+02,
       1.56252747e+02, 3.62640503e+02, 3.33710938e+02, 3.61872925e+02,
       2.87691772e+02, 3.61403107e+02, 2.42419571e+02, 3.60597748e+02,
       1.97577515e+02, 3.60142914e+02, 1.53534760e+02, 4.08991150e+02,
       3.33567230e+02, 4.07804199e+02, 2.86877533e+02, 4.06879089e+02,
       2.40917786e+02, 4.06131897e+02, 1.95489410e+02, 4.04984314e+02,
       1.50666061e+02, 4.56689545e+02, 3.33389435e+02, 4.55296967e+02,
       2.85988159e+02, 4.53785248e+02, 2.39460007e+02, 4.52538757e+02,
       1.93264984e+02, 4.51294647e+02, 1.47844727e+02, 5.05421631e+02,
       3.33162415e+02, 5.03763885e+02, 2.85256744e+02, 5.01963928e+02,
       2.37919434e+02, 5.00452454e+02, 1.90982254e+02, 4.98574738e+02,
       1.44940979e+02, 5.55392517e+02, 3.32786804e+02, 5.53614624e+02,
       2.84278931e+02, 5.51407593e+02, 2.36360229e+02, 5.49399536e+02,
       1.88830841e+02, 5.47489746e+02, 1.41984924e+02, 6.06531311e+02,
       3.32468842e+02, 6.04405884e+02, 2.83256683e+02, 6.01961670e+02,
       2.34740005e+02, 5.99848938e+02, 1.86467102e+02, 5.97123718e+02,
       1.39423538e+02, 2.94840149e+02, 3.34465576e+02, 2.94692352e+02,
       2.90168152e+02, 2.94662384e+02, 2.46453064e+02, 2.94587524e+02,
       2.03311340e+02, 2.94570129e+02, 1.60729767e+02, 3.38447113e+02,
       3.34427032e+02, 3.38185211e+02, 2.89447052e+02, 3.37633209e+02,
       2.45269379e+02, 3.37340393e+02, 2.01463867e+02, 3.36762939e+02,
       1.58302536e+02, 3.83489624e+02, 3.34342163e+02, 3.82588196e+02,
       2.88643494e+02, 3.81971924e+02, 2.43793381e+02, 3.81193848e+02,
       1.99470566e+02, 3.80444580e+02, 1.55656845e+02, 4.29573425e+02,
       3.34215088e+02, 4.28437714e+02, 2.88033569e+02, 4.27401794e+02,
       2.42539337e+02, 4.26304352e+02, 1.97554962e+02, 4.25248108e+02,
       1.53270554e+02, 4.76848969e+02, 3.33911896e+02, 4.75489899e+02,
       2.87241333e+02, 4.74075684e+02, 2.41271591e+02, 4.72709229e+02,
       1.95493118e+02, 4.71315338e+02, 1.50534393e+02, 5.25177673e+02,
       3.33670044e+02, 5.23506836e+02, 2.86448669e+02, 5.21586060e+02,
       2.39767776e+02, 5.20241699e+02, 1.93442291e+02, 5.18339111e+02,
       1.47724548e+02, 5.74419373e+02, 3.33399811e+02, 5.72623230e+02,
       2.85497894e+02, 5.70557190e+02, 2.38360291e+02, 5.68609558e+02,
       1.91494324e+02, 5.66633484e+02, 1.45154846e+02, 6.24654053e+02,
       3.33034180e+02, 6.22621948e+02, 2.84615814e+02, 6.20355896e+02,
       2.36756760e+02, 6.18383850e+02, 1.89337158e+02, 6.15607056e+02,
       1.42816284e+02, 2.65537567e+02, 3.16595612e+02, 2.63420288e+02,
       2.71588043e+02, 2.61489746e+02, 2.27500320e+02, 2.59476440e+02,
       1.83742310e+02, 2.57595734e+02, 1.40766586e+02, 3.08483582e+02,
       3.14447083e+02, 3.05929871e+02, 2.68528717e+02, 3.03828308e+02,
       2.23601349e+02, 3.01553741e+02, 1.79261490e+02, 2.99238464e+02,
       1.35344574e+02, 3.53307037e+02, 3.12189087e+02, 3.50464905e+02,
       2.65438293e+02, 3.47865387e+02, 2.19601547e+02, 3.45302795e+02,
       1.74325485e+02, 3.42551270e+02, 1.29685120e+02, 3.99886047e+02,
       3.09849030e+02, 3.96827667e+02, 2.62316223e+02, 3.93774200e+02,
       2.15424805e+02, 3.90672882e+02, 1.69333984e+02, 3.87668396e+02,
       1.23894691e+02, 4.48737244e+02, 3.07540710e+02, 4.45177673e+02,
       2.58677917e+02, 4.41520905e+02, 2.11221878e+02, 4.37884552e+02,
       1.63984238e+02, 4.34504150e+02, 1.17863029e+02, 4.99542480e+02,
       3.04838593e+02, 4.95382233e+02, 2.55345306e+02, 4.91125885e+02,
       2.06694504e+02, 4.87032806e+02, 1.58613449e+02, 4.82969696e+02,
       1.11708061e+02, 5.52257507e+02, 3.02223114e+02, 5.47516479e+02,
       2.51546234e+02, 5.42706299e+02, 2.02192764e+02, 5.38024536e+02,
       1.53323364e+02, 5.33444519e+02, 1.05418503e+02, 6.07047302e+02,
       2.99423157e+02, 6.01507568e+02, 2.47710144e+02, 5.96159851e+02,
       1.97408493e+02, 5.90953918e+02, 1.47573105e+02, 5.85330933e+02,
       9.93473206e+01, 2.69593475e+02, 3.02322418e+02, 2.63199585e+02,
       2.58591675e+02, 2.57003357e+02, 2.15712814e+02, 2.51020111e+02,
       1.73569382e+02, 2.45263916e+02, 1.32264008e+02, 3.12107147e+02,
