%YAML:1.0
calibration_time: "Thu Nov 21 11:52:50 2019"
image_width: 640
image_height: 480
board_width: 5
board_height: 8
square_size: 3.
flags: 0
camera_matrix: !!opencv-matrix
   rows: 3
   cols: 3
   dt: d
   data: [ 5.3421419410873000e+02, 0., 3.2291025349516860e+02, 0.,
       5.3506423553784452e+02, 2.5139649727165897e+02, 0., 0., 1. ]
distortion_coefficients: !!opencv-matrix
   rows: 5
   cols: 1
   dt: d
   data: [ -1.2390370695944201e-02, -5.3793115419474617e-02,
       2.3356854997762114e-04, -3.3524958583713562e-03,
       2.6588136316580090e-02 ]
avg_reprojection_error: 1.8289490968099961e-01
image_points: !!opencv-matrix
   rows: 7
   cols: 40
   dt: "2f"
   data: [ 2.85590027e+02, 2.68304688e+02, 2.83945831e+02,
       2.26211487e+02, 2.82155853e+02, 1.83742188e+02, 2.80356323e+02,
       1.40835312e+02, 2.78559906e+02, 9.78008652e+01, 3.25817963e+02,
       2.67730652e+02, 3.24234497e+02, 2.24701981e+02, 3.22616241e+02,
       1.81466125e+02, 3.21016632e+02, 1.37680298e+02, 3.19300903e+02,
       9.34345779e+01, 3.68084900e+02, 2.67362122e+02, 3.66515106e+02,
       2.23380981e+02, 3.65029572e+02, 1.79028732e+02, 3.63509521e+02,
       1.34139557e+02, 3.61950623e+02, 8.88791580e+01, 4.12213562e+02,
       2.66723572e+02, 4.10757294e+02, 2.21721848e+02, 4.09461060e+02,
       1.76436905e+02, 4.08116638e+02, 1.30471252e+02, 4.06628479e+02,
       8.42443085e+01, 4.58390137e+02, 2.66344086e+02, 4.57197327e+02,
       2.20200912e+02, 4.56016693e+02, 1.73655655e+02, 4.54750946e+02,
       1.26614929e+02, 4.53545502e+02, 7.93032913e+01, 5.06587524e+02,
       2.65716797e+02, 5.05605103e+02, 2.18484238e+02, 5.04546051e+02,
       1.70906235e+02, 5.03468872e+02, 1.22642578e+02, 5.02365936e+02,
       7.42714844e+01, 5.57149048e+02, 2.65088959e+02, 5.56341187e+02,
       2.16635788e+02, 5.55507751e+02, 1.68002136e+02, 5.54593811e+02,
       1.18673676e+02, 5.53518799e+02, 6.90891647e+01, 6.09808105e+02,
       2.64458130e+02, 6.09297241e+02, 2.14897598e+02, 6.08538574e+02,
       1.65115585e+02, 6.07803589e+02, 1.14571091e+02, 6.06560608e+02,
       6.42641220e+01, 3.04395325e+02, 2.24469238e+02, 3.07808563e+02,
       1.92538864e+02, 3.11249756e+02, 1.62346100e+02, 3.14353912e+02,
       1.33863113e+02, 3.17287079e+02, 1.07324181e+02, 3.41703857e+02,
       2.23677277e+02, 3.44143982e+02, 1.91236008e+02, 3.46474915e+02,
       1.60899521e+02, 3.48576050e+02, 1.32303085e+02, 3.50498474e+02,
       1.05015022e+02, 3.80355408e+02, 2.23100754e+02, 3.81444305e+02,
       1.90236389e+02, 3.82571289e+02, 1.59402267e+02, 3.83657867e+02,
       1.30332153e+02, 3.84652527e+02, 1.03089798e+02, 4.19640747e+02,
       2.22294693e+02, 4.19641022e+02, 1.89146423e+02, 4.19615265e+02,
       1.57823166e+02, 4.19618530e+02, 1.28531403e+02, 4.19613129e+02,
       1.00818069e+02, 4.60315979e+02, 2.21563599e+02, 4.58915161e+02,
       1.87749207e+02, 4.57610291e+02, 1.56525833e+02, 4.56495972e+02,
       1.26550011e+02, 4.55359650e+02, 9.89736328e+01, 5.01725983e+02,
       2.20691666e+02, 4.99005432e+02, 1.86561584e+02, 4.96300018e+02,
       1.55089996e+02, 4.94042755e+02, 1.24648079e+02, 4.91642120e+02,
       9.67418976e+01, 5.44158386e+02, 2.20331558e+02, 5.39981567e+02,
       1.85603119e+02, 5.35951904e+02, 1.53563705e+02, 5.32397766e+02,
       1.23214813e+02, 5.28779480e+02, 9.46227798e+01, 5.87476013e+02,
       2.19523087e+02, 5.81832520e+02, 1.84596680e+02, 5.76465515e+02,
       1.52272324e+02, 5.71552490e+02, 1.21328651e+02, 5.66534119e+02,
       9.33202972e+01, 2.99317963e+02, 2.60461060e+02, 2.98866913e+02,
       2.18028824e+02, 2.98487000e+02, 1.75503265e+02, 2.98241302e+02,
       1.32759720e+02, 2.97832520e+02, 9.01392899e+01, 3.41394531e+02,
       2.60389038e+02, 3.41157379e+02, 2.17653214e+02, 3.40775970e+02,
       1.75168732e+02, 3.40546570e+02, 1.32348099e+02, 3.40289917e+02,
       8.94055481e+01, 3.83852112e+02, 2.60281982e+02, 3.83607849e+02,
       2.17515213e+02, 3.83433777e+02, 1.74792526e+02, 3.83227966e+02,
       1.31736511e+02, 3.82813324e+02, 8.87777100e+01, 4.26544006e+02,
       2.60194489e+02, 4.26423096e+02, 2.17328430e+02, 4.26303619e+02,
       1.74400955e+02, 4.25949036e+02, 1.31272903e+02, 4.25654419e+02,
       8.82048492e+01, 4.69422455e+02, 2.59918976e+02, 4.69352570e+02,
       2.17033691e+02, 4.69127045e+02, 1.74103439e+02, 4.69145599e+02,
       1.30724167e+02, 4.68652924e+02, 8.76646423e+01, 5.12289978e+02,
       2.59798737e+02, 5.12292419e+02, 2.16735184e+02, 5.11929260e+02,
       1.73781464e+02, 5.12104919e+02, 1.30411438e+02, 5.11633667e+02,
       8.71265640e+01, 5.54993225e+02, 2.59651154e+02, 5.55143433e+02,
       2.16559006e+02, 5.54905151e+02, 1.73593079e+02, 5.54996521e+02,
       1.30167496e+02, 5.54812378e+02, 8.67203979e+01, 5.97937744e+02,
       2.59520264e+02, 5.98075378e+02, 2.16427612e+02, 5.97879883e+02,
       1.73349838e+02, 5.98068481e+02, 1.29849472e+02, 5.97386475e+02,
       8.68020401e+01, 3.04254669e+02, 2.66244232e+02, 3.03593170e+02,
       2.21811661e+02, 3.02946564e+02, 1.77345764e+02, 3.02376556e+02,
       1.32311432e+02, 3.01689606e+02, 8.70500259e+01, 3.48293091e+02,
       2.66194489e+02, 3.47737457e+02, 2.21480133e+02, 3.47375580e+02,
       1.76517151e+02, 3.46877106e+02, 1.31224609e+02, 3.46449432e+02,
       8.54116211e+01, 3.93231689e+02, 2.66101624e+02, 3.92767914e+02,
       2.21085327e+02, 3.92543915e+02, 1.75713501e+02, 3.92288849e+02,
       1.29943283e+02, 3.91864655e+02, 8.38068390e+01, 4.38634094e+02,
       2.65994324e+02, 4.38477722e+02, 2.20606293e+02, 4.38392029e+02,
       1.74981644e+02, 4.38355286e+02, 1.28789902e+02, 4.38157410e+02,
       8.23830490e+01, 4.84687256e+02, 2.65809052e+02, 4.84780914e+02,
       2.20303757e+02, 4.84786835e+02, 1.74317261e+02, 4.85057892e+02,
       1.27583542e+02, 4.84879913e+02, 8.08235855e+01, 5.31287964e+02,
       2.65630707e+02, 5.31627991e+02, 2.19761337e+02, 5.31685059e+02,
       1.73531860e+02, 5.32236084e+02, 1.26495911e+02, 5.32271667e+02,
       7.94473114e+01, 5.78051941e+02, 2.65551056e+02, 5.78695679e+02,
       2.19395340e+02, 5.79019226e+02, 1.72733383e+02, 5.79600525e+02,
       1.25620369e+02, 5.80039612e+02, 7.81632843e+01, 6.25309998e+02,
       2.65438629e+02, 6.26281738e+02, 2.18925354e+02, 6.26681641e+02,
       1.72273270e+02, 6.27580872e+02, 1.24701920e+02, 6.27499756e+02,
       7.74824142e+01, 3.53528442e+02, 2.45580887e+02, 3.51798767e+02,
       2.15421738e+02, 3.50307495e+02, 1.86344879e+02, 3.48586823e+02,
       1.58172073e+02, 3.47275665e+02, 1.31257355e+02, 3.85519928e+02,
       2.45498795e+02, 3.83346832e+02, 2.15460831e+02, 3.81007080e+02,
       1.86591599e+02, 3.78883575e+02, 1.58653839e+02, 3.76958313e+02,
       1.31561722e+02, 4.17138306e+02, 2.45510941e+02, 4.14290649e+02,
       2.15627762e+02, 4.11492218e+02, 1.86949661e+02, 4.08937866e+02,
       1.59131851e+02, 4.06391541e+02, 1.32397491e+02, 4.48186249e+02,
       2.45561005e+02, 4.44675842e+02, 2.15817673e+02, 4.41494629e+02,
       1.87393738e+02, 4.38423218e+02, 1.59677979e+02, 4.35376862e+02,
       1.33025665e+02, 4.78603180e+02, 2.45716461e+02, 4.74767242e+02,
       2.16251144e+02, 4.71033569e+02, 1.87826599e+02, 4.67552979e+02,
       1.60295044e+02, 4.63851807e+02, 1.33763199e+02, 5.08581635e+02,
       2.45782806e+02, 5.04361572e+02, 2.16428406e+02, 4.99799225e+02,
       1.88371216e+02, 4.95951355e+02, 1.60662598e+02, 4.91925171e+02,
       1.34544220e+02, 5.37891296e+02, 2.45902985e+02, 5.33220215e+02,
       2.16701309e+02, 5.28417908e+02, 1.88796616e+02, 5.24058716e+02,
       1.61590530e+02, 5.19633728e+02, 1.35348450e+02, 5.66923462e+02,
       2.46145996e+02, 5.61705383e+02, 2.17207291e+02, 5.56528198e+02,
       1.89391708e+02, 5.51734436e+02, 1.62204315e+02, 5.46591919e+02,
       1.36475388e+02, 3.17872833e+02, 2.62577423e+02, 3.17459076e+02,
       2.19666611e+02, 3.16789032e+02, 1.77117157e+02, 3.16417694e+02,
       1.34543030e+02, 3.15762970e+02, 9.24791794e+01, 3.61068024e+02,
