%YAML:1.0
calibration_time: "Fri Nov 29 16:36:54 2019"
nframes: 7
image_width: 640
image_height: 480
board_width: 5
board_height: 8
square_size: 3.
flags: 0
camera_matrix: !!opencv-matrix
   rows: 3
   cols: 3
   dt: d
   data: [ 5.8274969277153059e+02, 0., 3.2429464810620465e+02, 0.,
       5.8281537402880497e+02, 2.6104364836048399e+02, 0., 0., 1. ]
distortion_coefficients: !!opencv-matrix
   rows: 5
   cols: 1
   dt: d
   data: [ 2.1907798259136753e-02, 3.5495504857216295e-02,
       3.3611775322231938e-03, -4.5456273616058217e-03,
       -1.3978367054771096e-01 ]
avg_reprojection_error: 6.8214838054803928e-01
per_view_reprojection_errors: !!opencv-matrix
   rows: 7
   cols: 1
   dt: f
   data: [ 5.79900742e-01, 1.10000372e+00, 5.93868494e-01,
       3.75948757e-01, 9.51317608e-01, 4.30565566e-01, 3.55784625e-01 ]
# a set of 6-tuples (rotation vector + translation vector) for each view
extrinsic_parameters: !!opencv-matrix
   rows: 7
   cols: 6
   dt: d
   data: [ -2.0266472240800285e-01, -6.9279835537823950e-02,
       -1.5973166131785115e+00, -9.5736404369599732e+00,
       2.6019062288687893e+00, 3.4462494190410730e+01,
       -2.6776494966222308e-01, -1.1763614753385185e-01,
       -1.5277290843824640e+00, -1.3102604677015734e+01,
       3.8940128320408793e+00, 4.5326154228925873e+01,
       -1.4835271017935392e-01, -7.8174854209316011e-02,
       -1.5552045937393708e+00, -7.7909403147426186e+00,
       1.6839182485134740e-01, 2.9808149879480421e+01,
       -1.8988235829496125e-01, 1.3551759516144352e-01,
       -1.5183033811483484e+00, -6.9288227903856354e+00,
       -8.5784035185435786e-02, 3.1890338141082584e+01,
       -1.5368640592430183e-01, 3.5265329386740298e-02,
       -1.5087560032271876e+00, -7.6714771364426815e+00,
       6.1459312902651264e-01, 3.6451724881655238e+01,
       -1.9914727450509753e-01, 4.5054626329496056e-02,
       -1.5097973401919855e+00, -7.5870861128409484e+00,
       1.0195960128272312e+00, 3.3064294256606559e+01,
       -1.7333241399595964e-01, -2.1591638853795416e-02,
       -1.5346263923904069e+00, -6.3082437432230343e+00,
       1.0424368225413028e+00, 3.0224357534938104e+01 ]
image_points: !!opencv-matrix
   rows: 7
   cols: 40
   dt: "2f"
   data: [ 1.62183823e+02, 3.06514008e+02, 1.63325027e+02,
       2.55966492e+02, 1.63706085e+02, 2.06858597e+02, 1.65315018e+02,
       1.59847153e+02, 1.66757538e+02, 1.14122139e+02, 2.11951263e+02,
       3.04515869e+02, 2.12080597e+02, 2.53408081e+02, 2.12321686e+02,
       2.04291183e+02, 2.12863205e+02, 1.56883194e+02, 2.13454483e+02,
       1.10652946e+02, 2.62266632e+02, 3.02296631e+02, 2.61705658e+02,
       2.50842224e+02, 2.61471924e+02, 2.01651917e+02, 2.61433777e+02,
       1.54124542e+02, 2.61260132e+02, 1.07722214e+02, 3.13377960e+02,
       3.00130157e+02, 3.12236755e+02, 2.48570786e+02, 3.11353455e+02,
       1.99376144e+02, 3.10450134e+02, 1.51466522e+02, 3.09656097e+02,
       1.05034225e+02, 3.65478119e+02, 2.98182953e+02, 3.63488556e+02,
       2.46521500e+02, 3.61746033e+02, 1.97058121e+02, 3.60103668e+02,
       1.48918365e+02, 3.58542175e+02, 1.02286835e+02, 4.18374451e+02,
       2.96447662e+02, 4.15373962e+02, 2.44446472e+02, 4.12602570e+02,
       1.94757767e+02, 4.10145050e+02, 1.46483826e+02, 4.07832306e+02,
       9.94331970e+01, 4.72179138e+02, 2.94935211e+02, 4.67971497e+02,
       2.42641388e+02, 4.64364227e+02, 1.92485916e+02, 4.61042969e+02,
       1.43833527e+02, 4.57908813e+02, 9.66196518e+01, 5.26121399e+02,
       2.93593994e+02, 5.21293701e+02, 2.41146057e+02, 5.16679749e+02,
       1.90608353e+02, 5.12336792e+02, 1.41927582e+02, 5.07963470e+02,
       9.49758911e+01, 1.51409256e+02, 3.08725555e+02, 1.58574753e+02,
       2.73214844e+02, 1.63808807e+02, 2.37617233e+02, 1.67841095e+02,
       2.01837509e+02, 1.71212357e+02, 1.66693100e+02, 1.91526947e+02,
       3.11316925e+02, 1.96952316e+02, 2.74564758e+02, 2.00920914e+02,
       2.38361969e+02, 2.04383698e+02, 2.02647369e+02, 2.07439011e+02,
       1.67687241e+02, 2.31252487e+02, 3.13400421e+02, 2.35170822e+02,
       2.75764862e+02, 2.38305832e+02, 2.39110489e+02, 2.41040039e+02,
       2.03323120e+02, 2.43664078e+02, 1.68333740e+02, 2.70393250e+02,
       3.14746796e+02, 2.73276489e+02, 2.76610718e+02, 2.75725983e+02,
       2.39701309e+02, 2.77952667e+02, 2.03670197e+02, 2.79724487e+02,
       1.68497177e+02, 3.09784027e+02, 3.16300018e+02, 3.11531586e+02,
       2.77661438e+02, 3.13358185e+02, 2.40573120e+02, 3.14779266e+02,
       2.03953964e+02, 3.16361511e+02, 1.68490097e+02, 3.48772156e+02,
       3.17387085e+02, 3.50166412e+02, 2.78647369e+02, 3.51115112e+02,
       2.41038422e+02, 3.52038666e+02, 2.04081223e+02, 3.53191681e+02,
       1.68125259e+02, 3.88534576e+02, 3.18765594e+02, 3.88927429e+02,
       2.79431000e+02, 3.89364380e+02, 2.41280640e+02, 3.89808380e+02,
       2.03731384e+02, 3.90549194e+02, 1.67593567e+02, 4.28834595e+02,
       3.19977173e+02, 4.28632294e+02, 2.80273682e+02, 4.28636292e+02,
       2.41510880e+02, 4.28662109e+02, 2.03621201e+02, 4.28717133e+02,
       1.66737442e+02, 1.71094421e+02, 2.64206116e+02, 1.74106201e+02,
       2.06356628e+02, 1.76691376e+02, 1.50614944e+02, 1.79842911e+02,
       9.70216217e+01, 1.83080399e+02, 4.55814438e+01, 2.30296753e+02,
       2.64669189e+02, 2.32222015e+02, 2.06777252e+02, 2.34040924e+02,
       1.50961823e+02, 2.35908844e+02, 9.68470917e+01, 2.37988861e+02,
       4.48720741e+01, 2.89495026e+02, 2.65246094e+02, 2.90486267e+02,
       2.07226471e+02, 2.91448669e+02, 1.51436234e+02, 2.92489594e+02,
       9.68119812e+01, 2.93458618e+02, 4.42176208e+01, 3.48833771e+02,
       2.65924286e+02, 3.48776733e+02, 2.07739075e+02, 3.49025818e+02,
       1.51732773e+02, 3.49196777e+02, 9.68258896e+01, 3.49450836e+02,
       4.35574532e+01, 4.08485291e+02, 2.66654144e+02, 4.07679443e+02,
       2.08236313e+02, 4.06894318e+02, 1.51989059e+02, 4.06497131e+02,
       9.67744751e+01, 4.05949493e+02, 4.29923973e+01, 4.68503265e+02,
       2.67512604e+02, 4.66870209e+02, 2.08739029e+02, 4.65298706e+02,
       1.52133408e+02, 4.64004395e+02, 9.67056198e+01, 4.62817749e+02,
       4.25326538e+01, 5.29010681e+02, 2.68437500e+02, 5.26971313e+02,
       2.09292847e+02, 5.24569336e+02, 1.52080292e+02, 5.22567444e+02,
       9.62385406e+01, 5.20565857e+02, 4.16965866e+01, 5.88898193e+02,
       2.69596649e+02, 5.86891052e+02, 2.10125229e+02, 5.84305969e+02,
       1.52404984e+02, 5.81352905e+02, 9.63484039e+01, 5.78301392e+02,
       4.19272766e+01, 1.97099472e+02, 2.60000916e+02, 2.00428665e+02,
       2.04915466e+02, 2.03079590e+02, 1.50450287e+02, 2.05925385e+02,
       9.60156784e+01, 2.09111832e+02, 4.18813782e+01, 2.49753387e+02,
       2.62119965e+02, 2.52781357e+02, 2.06308777e+02, 2.55552139e+02,
       1.51000641e+02, 2.58255676e+02, 9.55672150e+01, 2.61274719e+02,
       4.04516335e+01, 3.04174713e+02, 2.64453247e+02, 3.07115723e+02,
       2.07596970e+02, 3.09814178e+02, 1.51460846e+02, 3.12436340e+02,
       9.50123596e+01, 3.15453186e+02, 3.88622894e+01, 3.60303497e+02,
       2.66903870e+02, 3.63003204e+02, 2.09015976e+02, 3.65819000e+02,
       1.51777618e+02, 3.68460541e+02, 9.43349762e+01, 3.71476044e+02,
       3.70535278e+01, 4.18876221e+02, 2.69480377e+02, 4.21452393e+02,
       2.10309998e+02, 4.24090973e+02, 1.51892746e+02, 4.26891296e+02,
       9.33452606e+01, 4.29851196e+02, 3.50178604e+01, 4.80250305e+02,
       2.72237061e+02, 4.82455872e+02, 2.11637634e+02, 4.84988770e+02,
       1.51863388e+02, 4.87643738e+02, 9.23104401e+01, 4.90496704e+02,
       3.28176117e+01, 5.44664124e+02, 2.75208588e+02, 5.46727539e+02,
       2.13049744e+02, 5.49016479e+02, 1.51664124e+02, 5.51417175e+02,
       9.08156509e+01, 5.53811523e+02, 3.04813995e+01, 6.12057617e+02,
       2.78253082e+02, 6.13911865e+02, 2.14686157e+02, 6.15854919e+02,
       1.51915176e+02, 6.17494934e+02, 9.01210480e+01, 6.18939575e+02,
       2.92983837e+01, 2.03354935e+02, 2.70040131e+02, 2.05799728e+02,
