%YAML:1.0
calibration_time: "Thu Nov 21 11:19:39 2019"
image_width: 640
image_height: 480
board_width: 5
board_height: 8
square_size: 3.
flags: 0
camera_matrix: !!opencv-matrix
   rows: 3
   cols: 3
   dt: d
   data: [ 5.5643603894154876e+02, 0., 3.2487532791947609e+02, 0.,
       5.5713848766449826e+02, 2.4455745982237744e+02, 0., 0., 1. ]
distortion_coefficients: !!opencv-matrix
   rows: 5
   cols: 1
   dt: d
   data: [ -1.0810237121616134e-01, 4.0555053472322594e-01,
       -4.9704030468732301e-03, 1.4127057249135773e-03,
       -6.2717671406771613e-01 ]
avg_reprojection_error: 2.5060433665832504e-01
image_points: !!opencv-matrix
   rows: 7
   cols: 40
   dt: "2f"
   data: [ 2.14002853e+02, 2.62252808e+02, 2.14162552e+02,
       2.14459015e+02, 2.14412964e+02, 1.66679749e+02, 2.14589050e+02,
       1.18732079e+02, 2.15008926e+02, 7.11187210e+01, 2.60706146e+02,
       2.62496918e+02, 2.60932709e+02, 2.14201401e+02, 2.61308136e+02,
       1.66057053e+02, 2.61443176e+02, 1.17654541e+02, 2.61480042e+02,
       6.92880020e+01, 3.08600983e+02, 2.62592072e+02, 3.08673157e+02,
       2.14017517e+02, 3.08916077e+02, 1.65339340e+02, 3.09184235e+02,
       1.16388039e+02, 3.09324860e+02, 6.75221481e+01, 3.57343506e+02,
       2.62839691e+02, 3.57496490e+02, 2.13742874e+02, 3.57601379e+02,
       1.64562881e+02, 3.57676697e+02, 1.15309814e+02, 3.57939301e+02,
       6.57160339e+01, 4.06781586e+02, 2.63207916e+02, 4.07124237e+02,
       2.13532684e+02, 4.07272949e+02, 1.63995026e+02, 4.07538361e+02,
       1.13857948e+02, 4.07618225e+02, 6.40796585e+01, 4.57057098e+02,
       2.63433929e+02, 4.57357513e+02, 2.13405945e+02, 4.57578186e+02,
       1.63401489e+02, 4.57988739e+02, 1.12598083e+02, 4.58206879e+02,
       6.23927650e+01, 5.08155212e+02, 2.63601471e+02, 5.08684326e+02,
       2.13130081e+02, 5.08900940e+02, 1.62597107e+02, 5.09369995e+02,
       1.11555214e+02, 5.09703796e+02, 6.06086235e+01, 5.60086304e+02,
       2.63803192e+02, 5.60687561e+02, 2.12920639e+02, 5.61194153e+02,
       1.61963837e+02, 5.61741638e+02, 1.10416969e+02, 5.61640015e+02,
       5.94876022e+01, 1.99403015e+02, 2.76582855e+02, 1.93193695e+02,
       2.29294266e+02, 1.86490906e+02, 1.78216400e+02, 1.79238434e+02,
       1.22608559e+02, 1.71526672e+02, 6.24106941e+01, 2.49790115e+02,
       2.76830963e+02, 2.45503662e+02, 2.29337387e+02, 2.40844818e+02,
       1.77753876e+02, 2.35696609e+02, 1.21802711e+02, 2.30179779e+02,
       6.11110115e+01, 3.01104340e+02, 2.77012268e+02, 2.98619476e+02,
       2.29285263e+02, 2.96218781e+02, 1.77533600e+02, 2.93396942e+02,
       1.21328979e+02, 2.90318756e+02, 5.96132240e+01, 3.52827515e+02,
       2.77388855e+02, 3.52478088e+02, 2.29208740e+02, 3.52240784e+02,
       1.77282272e+02, 3.51745972e+02, 1.20469498e+02, 3.51362457e+02,
       5.84499550e+01, 4.05301941e+02, 2.77386383e+02, 4.07239746e+02,
       2.29220123e+02, 4.09026337e+02, 1.76677094e+02, 4.11309845e+02,
       1.19699982e+02, 4.13548859e+02, 5.71881142e+01, 4.58150024e+02,
       2.77403229e+02, 4.62316467e+02, 2.29137100e+02, 4.66573029e+02,
       1.76399445e+02, 4.71512512e+02, 1.19163620e+02, 4.76593597e+02,
       5.60658226e+01, 5.11586792e+02, 2.77308838e+02, 5.18146423e+02,
       2.28922974e+02, 5.24895813e+02, 1.75970642e+02, 5.32587463e+02,
       1.18293610e+02, 5.40610596e+02, 5.51452103e+01, 5.65614441e+02,
       2.77405914e+02, 5.74599731e+02, 2.28687332e+02, 5.83903015e+02,
       1.75656128e+02, 5.94491516e+02, 1.17784103e+02, 6.04701538e+02,
       5.43578415e+01, 2.12565048e+02, 2.25835449e+02, 2.16697128e+02,
       1.87690750e+02, 2.20573334e+02, 1.52116959e+02, 2.24340607e+02,
       1.18563873e+02, 2.27755127e+02, 8.73945465e+01, 2.56563019e+02,
       2.24925400e+02, 2.59250061e+02, 1.86498474e+02, 2.61781586e+02,
       1.50953278e+02, 2.64219543e+02, 1.17304008e+02, 2.66401154e+02,
       8.55239105e+01, 3.01178070e+02, 2.24152969e+02, 3.02300934e+02,
       1.85573853e+02, 3.03402832e+02, 1.49583237e+02, 3.04396851e+02,
       1.15593903e+02, 3.05346954e+02, 8.42024612e+01, 3.45762238e+02,
       2.23346481e+02, 3.45470978e+02, 1.84594086e+02, 3.45164337e+02,
       1.48430557e+02, 3.44764496e+02, 1.14420898e+02, 3.44570007e+02,
       8.26073685e+01, 3.90777740e+02, 2.22591553e+02, 3.89027557e+02,
       1.83528198e+02, 3.87331024e+02, 1.47544464e+02, 3.85661652e+02,
       1.12981796e+02, 3.84185883e+02, 8.13164062e+01, 4.36060303e+02,
       2.21785400e+02, 4.32664612e+02, 1.82563507e+02, 4.29479340e+02,
       1.46452744e+02, 4.26616272e+02, 1.11589340e+02, 4.23811707e+02,
       7.96513901e+01, 4.81476501e+02, 2.21271545e+02, 4.76720276e+02,
       1.81746933e+02, 4.72123596e+02, 1.45391953e+02, 4.67857391e+02,
       1.10621361e+02, 4.63864166e+02, 7.82955856e+01, 5.27336060e+02,
       2.20488129e+02, 5.20978516e+02, 1.81111649e+02, 5.14958862e+02,
       1.44363693e+02, 5.09533020e+02, 1.09281380e+02, 5.03887787e+02,
       7.74875565e+01, 2.00954819e+02, 2.48828690e+02, 2.03072952e+02,
       2.02201782e+02, 2.05126694e+02, 1.56523193e+02, 2.07271133e+02,
       1.11860992e+02, 2.09432007e+02, 6.86623611e+01, 2.48249252e+02,
       2.49186859e+02, 2.49690643e+02, 2.02210617e+02, 2.51255295e+02,
       1.56426880e+02, 2.52697433e+02, 1.11480293e+02, 2.54239319e+02,
       6.76156998e+01, 2.95914581e+02, 2.49397507e+02, 2.96774323e+02,
       2.02300827e+02, 2.97671570e+02, 1.56228531e+02, 2.98600800e+02,
       1.10953606e+02, 2.99578674e+02, 6.70847473e+01, 3.43698425e+02,
       2.49618271e+02, 3.44235687e+02, 2.02377823e+02, 3.44546021e+02,
       1.56016083e+02, 3.45001404e+02, 1.10601212e+02, 3.45397614e+02,
       6.64300537e+01, 3.91922455e+02, 2.49899368e+02, 3.91859222e+02,
       2.02403992e+02, 3.91708588e+02, 1.55997131e+02, 3.91668304e+02,
       1.10179771e+02, 3.91535889e+02, 6.57646484e+01, 4.40299866e+02,
       2.50264511e+02, 4.39745392e+02, 2.02469208e+02, 4.39109009e+02,
       1.55836365e+02, 4.38674225e+02, 1.09689270e+02, 4.37976807e+02,
       6.52339172e+01, 4.88754700e+02, 2.50536224e+02, 4.87960785e+02,
       2.02573914e+02, 4.86852448e+02, 1.55742081e+02, 4.85812256e+02,
       1.09555542e+02, 4.84705444e+02, 6.44901657e+01, 5.37583008e+02,
       2.50777283e+02, 5.36324585e+02, 2.02749588e+02, 5.34731323e+02,
       1.55743546e+02, 5.33519592e+02, 1.09271759e+02, 5.31577209e+02,
       6.45680237e+01, 2.29977402e+02, 2.69183472e+02, 2.30629593e+02,
       2.33642105e+02, 2.31405594e+02, 1.98459991e+02, 2.32116379e+02,
       1.63181107e+02, 2.32796158e+02, 1.28154755e+02, 2.65543884e+02,
       2.69521271e+02, 2.66123505e+02, 2.34269318e+02, 2.66683563e+02,
       1.98920624e+02, 2.67402405e+02, 1.63737061e+02, 2.68067688e+02,
       1.28624969e+02, 3.00725769e+02, 2.69927032e+02, 3.01466614e+02,
       2.34670975e+02, 3.01972137e+02, 1.99549484e+02, 3.02580566e+02,
       1.64359024e+02, 3.03231567e+02, 1.29342834e+02, 3.36049103e+02,
       2.70453674e+02, 3.36627533e+02, 2.35325134e+02, 3.37232300e+02,
       2.00102707e+02, 3.37649872e+02, 1.64916016e+02, 3.38358398e+02,
       1.29928986e+02, 3.71197632e+02, 2.70859924e+02, 3.71675507e+02,
       2.35692261e+02, 3.72281006e+02, 2.00671738e+02, 3.72762512e+02,
       1.65468613e+02, 3.73333313e+02, 1.30513962e+02, 4.05885162e+02,
       2.71331604e+02, 4.06553101e+02, 2.36278976e+02, 4.06959656e+02,
       2.01297119e+02, 4.07638214e+02, 1.66175507e+02, 4.08226318e+02,
       1.31196564e+02, 4.40565155e+02, 2.71645111e+02, 4.41300690e+02,
       2.36653809e+02, 4.41672119e+02, 2.01811188e+02, 4.42364868e+02,
       1.66700089e+02, 4.42930145e+02, 1.31643204e+02, 4.75230438e+02,
       2.72157990e+02, 4.75650574e+02, 2.37299759e+02, 4.76401520e+02,
       2.02434372e+02, 4.77232361e+02, 1.67353821e+02, 4.77505249e+02,
       1.32538223e+02, 2.47404099e+02, 2.73315887e+02, 2.48276276e+02,
       2.44638260e+02, 2.49050858e+02, 2.16196930e+02, 2.49847046e+02,
       1.87611801e+02, 2.50610687e+02, 1.59379761e+02, 2.75953705e+02,
